655 3422
1 11 4
2 25 25
3 1 26
4 1 21
5 2 5
6 16 42
7 12 49
8 12 29
9 7 27
10 2 44
11 28 4
12 2 18
13 21 4
14 18 42
15 2 49
16 13 34
17 5 39
18 28 15
19 24 31
20 17 26
21 25 3
22 19 28
23 21 40
24 6 8
25 19 29
26 3 6
27 4 16
28 26 25
29 9 25
30 26 41
31 24 50
32 14 28
33 28 32
34 2 2
35 24 28
36 9 48
37 12 47
38 7 33
39 18 33
40 22 8
41 11 46
42 14 45
43 11 41
44 1 30
45 5 38
46 30 40
47 17 43
48 17 24
49 16 10
50 27 39
51 20 7
52 18 21
53 15 15
54 25 43
55 7 48
56 22 9
57 15 15
58 15 6
59 27 25
60 15 22
61 2 6
62 21 50
63 18 30
64 16 26
65 1 4
66 26 30
67 1 4
68 13 15
69 8 9
70 9 16
71 29 11
72 6 3
73 27 33
74 8 34
75 19 44
76 17 23
77 19 19
78 22 49
79 28 47
80 16 41
81 11 41
82 2 13
83 16 24
84 9 13
85 5 38
86 20 45
87 10 8
88 29 26
89 30 9
90 21 50
91 12 17
92 22 3
93 6 46
94 13 35
95 4 28
96 15 46
97 30 47
98 8 16
99 22 37
100 30 6
101 26 10
102 12 25
103 29 1
104 2 10
105 9 13
106 29 12
107 29 31
108 26 14
109 18 18
110 29 21
111 27 23
112 27 17
113 21 26
114 12 43
115 12 11
116 30 39
117 22 2
118 3 42
119 14 17
120 1 14
121 19 10
122 25 7
123 12 43
124 13 19
125 20 23
126 19 7
127 7 7
128 13 18
129 3 6
130 2 46
131 18 11
132 5 42
133 4 49
134 13 17
135 25 34
136 30 45
137 13 7
138 14 34
139 29 26
140 14 10
141 20 44
142 26 48
143 1 40
144 7 35
145 7 28
146 22 17
147 9 18
148 18 4
149 17 40
150 21 33
151 5 2
152 8 19
153 20 31
154 24 10
155 8 7
156 20 9
157 1 37
158 6 3
159 29 25
160 17 25
161 12 18
162 21 42
163 26 50
164 16 4
165 22 18
166 6 16
167 1 15
168 27 31
169 17 40
170 30 4
171 27 9
172 4 49
173 18 20
174 11 26
175 6 37
176 12 47
177 26 45
178 21 41
179 24 36
180 24 35
181 25 32
182 3 25
183 26 39
184 15 45
185 18 47
186 28 26
187 17 12
188 24 4
189 3 26
190 11 28
191 14 33
192 16 20
193 17 16
194 30 22
195 3 6
196 17 7
197 29 11
198 14 36
199 1 40
200 20 30
201 26 30
202 16 45
203 11 31
204 8 25
205 27 29
206 4 20
207 3 29
208 11 39
209 17 3
210 20 49
211 18 18
212 8 48
213 30 43
214 23 30
215 2 15
216 2 20
217 14 17
218 24 36
219 9 13
220 20 7
221 3 15
222 29 5
223 3 19
224 23 41
225 11 5
226 30 30
227 24 49
228 27 6
229 3 12
230 15 24
231 16 48
232 15 21
233 24 8
234 6 15
235 1 17
236 21 13
237 1 1
238 30 25
239 12 14
240 6 42
241 18 7
242 4 44
243 17 2
244 19 49
245 25 35
246 14 40
247 3 19
248 22 48
249 28 17
250 4 50
251 5 35
252 15 17
253 27 34
254 22 8
255 27 7
256 22 17
257 15 25
258 10 21
259 8 10
260 11 43
261 6 44
262 4 30
263 14 46
264 18 44
265 14 41
266 23 49
267 7 7
268 7 16
269 20 8
270 3 39
271 16 26
272 15 30
273 2 16
274 22 30
275 27 22
276 12 22
277 18 7
278 2 33
279 2 31
280 26 18
281 23 21
282 18 2
283 17 34
284 17 19
285 22 41
286 7 9
287 27 13
288 21 18
289 28 42
290 29 4
291 6 22
292 17 35
293 9 30
294 7 32
295 20 45
296 9 33
297 5 18
298 26 43
299 12 2
300 3 45
301 22 19
302 15 10
303 13 45
304 30 12
305 17 28
306 17 4
307 30 44
308 28 28
309 13 6
310 9 35
311 12 10
312 29 18
313 27 4
314 21 30
315 27 23
316 16 48
317 24 31
318 20 26
319 5 39
320 30 13
321 8 6
322 26 17
323 19 5
324 6 24
325 3 7
326 18 14
327 16 26
328 22 44
329 1 44
330 4 37
331 26 1
332 6 11
333 11 45
334 9 8
335 5 28
336 20 3
337 23 38
338 11 34
339 22 17
340 27 4
341 23 16
342 30 38
343 13 3
344 3 23
345 16 8
346 9 13
347 9 46
348 6 41
349 1 14
350 18 27
351 21 18
352 9 25
353 15 2
354 30 48
355 28 16
356 14 40
357 23 23
358 19 25
359 17 13
360 9 24
361 11 9
362 26 29
363 15 13
364 29 47
365 6 19
366 3 18
367 16 4
368 23 40
369 15 2
370 19 22
371 10 42
372 23 4
373 14 43
374 21 42
375 15 29
376 15 25
377 8 3
378 5 44
379 25 26
380 20 43
381 4 12
382 10 31
383 17 4
384 10 21
385 8 8
386 4 27
387 22 6
388 2 17
389 28 12
390 19 5
391 13 23
392 29 30
393 27 36
394 25 42
395 21 14
396 14 6
397 27 45
398 26 44
399 9 7
400 6 6
401 16 10
402 24 17
403 27 15
404 4 17
405 9 42
406 21 21
407 16 49
408 2 43
409 6 26
410 26 46
411 9 21
412 3 17
413 15 38
414 10 13
415 24 26
416 30 10
417 17 3
418 8 3
419 10 11
420 29 48
421 24 39
422 8 20
423 30 21
424 14 25
425 26 49
426 23 36
427 1 25
428 22 35
429 15 12
430 30 10
431 9 21
432 1 25
433 6 49
434 7 45
435 19 48
436 24 13
437 16 13
438 14 27
439 23 47
440 4 30
441 27 28
442 5 17
443 4 16
444 3 18
445 19 2
446 18 19
447 15 48
448 13 50
449 26 22
450 4 7
451 9 39
452 11 6
453 11 4
454 23 33
455 12 36
456 4 48
457 13 28
458 4 16
459 3 16
460 26 24
461 30 15
462 2 46
463 22 37
464 25 10
465 18 38
466 8 26
467 8 38
468 11 28
469 3 15
470 12 44
471 20 25
472 21 14
473 22 6
474 2 46
475 13 19
476 21 44
477 23 13
478 9 46
479 21 33
480 15 8
481 22 24
482 3 49
483 23 15
484 8 5
485 30 39
486 30 31
487 25 42
488 27 18
489 27 30
490 16 20
491 8 36
492 13 30
493 20 4
494 5 50
495 16 32
496 17 8
497 25 41
498 28 20
499 8 36
500 4 37
501 24 26
502 9 41
503 7 15
504 18 14
505 24 23
506 5 43
507 9 49
508 22 10
509 22 49
510 30 38
511 30 18
512 7 36
513 11 4
514 25 18
515 1 31
516 16 15
517 16 26
518 27 24
519 13 14
520 17 38
521 17 23
522 21 47
523 22 2
524 6 25
525 30 17
526 4 31
527 27 10
528 29 47
529 6 23
530 16 6
531 5 23
532 22 12
533 8 28
534 26 42
535 2 24
536 10 30
537 17 10
538 26 20
539 3 33
540 4 15
541 12 10
542 15 38
543 9 13
544 6 36
545 28 3
546 4 42
547 5 17
548 14 24
549 5 41
550 16 38
551 4 47
552 29 10
553 16 46
554 11 18
555 8 25
556 12 31
557 14 29
558 18 4
559 1 5
560 12 30
561 27 35
562 22 33
563 1 27
564 19 47
565 27 26
566 16 30
567 4 4
568 12 29
569 29 22
570 28 29
571 28 30
572 9 33
573 20 29
574 9 50
575 3 30
576 2 42
577 26 3
578 6 18
579 11 36
580 15 47
581 3 2
582 28 36
583 6 19
584 24 4
585 23 14
586 2 40
587 15 43
588 15 4
589 21 13
590 15 5
591 4 36
592 6 9
593 30 24
594 8 20
595 19 44
596 16 24
597 6 44
598 19 1
599 14 25
600 6 6
601 18 38
602 26 32
603 2 20
604 27 2
605 24 41
606 6 27
607 27 4
608 17 16
609 7 14
610 6 37
611 8 3
612 30 3
613 18 21
614 23 12
615 15 8
616 7 34
617 27 14
618 17 30
619 25 3
620 11 20
621 15 37
622 6 23
623 12 32
624 29 18
625 8 26
626 26 5
627 30 18
628 19 28
629 28 13
630 11 34
631 22 7
632 19 21
633 3 35
634 30 9
635 17 31
636 29 31
637 19 24
638 4 10
639 18 44
640 9 7
641 11 36
642 1 2
643 13 19
644 19 42
645 13 21
646 27 4
647 30 45
648 14 2
649 19 24
650 20 17
651 24 40
652 20 24
653 6 5
654 25 23
655 8 13
