553 2815
1 7 42
2 21 5
3 2 3
4 6 15
5 3 6
6 3 10
7 10 33
8 3 22
9 5 36
10 12 23
11 19 21
12 7 26
13 30 48
14 29 15
15 2 24
16 16 8
17 16 18
18 14 49
19 1 29
20 3 5
21 26 25
22 24 8
23 19 28
24 29 45
25 13 50
26 9 1
27 22 17
28 29 32
29 24 7
30 26 15
31 2 43
32 24 47
33 22 38
34 17 34
35 18 9
36 8 6
37 15 3
38 3 45
39 11 41
40 9 43
41 3 8
42 16 16
43 24 24
44 29 40
45 2 44
46 4 13
47 18 30
48 12 2
49 27 8
50 15 36
51 9 23
52 11 5
53 7 3
54 2 7
55 6 40
56 2 40
57 19 49
58 15 25
59 22 4
60 6 5
61 29 21
62 9 39
63 20 30
64 10 18
65 10 24
66 14 10
67 8 44
68 24 25
69 29 15
70 23 44
71 27 34
72 25 7
73 24 39
74 3 7
75 14 48
76 21 43
77 1 30
78 13 20
79 11 22
80 28 50
81 7 41
82 29 45
83 26 25
84 21 34
85 1 5
86 19 49
87 21 13
88 18 24
89 14 42
90 21 49
91 20 41
92 23 12
93 2 25
94 1 33
95 26 20
96 24 45
97 22 45
98 1 48
99 21 11
100 11 11
101 17 12
102 2 7
103 26 19
104 21 31
105 30 11
106 20 1
107 13 22
108 22 27
109 17 45
110 11 44
111 4 44
112 28 26
113 10 30
114 5 10
115 2 7
116 21 9
117 28 32
118 25 44
119 2 45
120 24 11
121 17 5
122 4 12
123 17 25
124 20 25
125 9 50
126 20 35
127 3 10
128 22 35
129 29 36
130 4 31
131 2 14
132 19 10
133 7 5
134 15 48
135 12 30
136 1 10
137 5 24
138 11 13
139 20 10
140 29 21
141 21 8
142 25 6
143 27 16
144 20 6
145 11 33
146 18 44
147 17 26
148 3 45
149 2 9
150 23 33
151 1 5
152 3 27
153 18 15
154 1 27
155 27 29
156 27 37
157 16 3
158 2 3
159 20 31
160 8 22
161 6 45
162 26 14
163 22 20
164 28 5
165 29 2
166 20 21
167 26 32
168 17 35
169 18 37
170 12 24
171 7 10
172 23 2
173 13 6
174 4 34
175 29 13
176 16 4
177 19 21
178 17 32
179 30 24
180 17 20
181 26 26
182 10 33
183 19 38
184 18 6
185 26 31
186 12 42
187 20 46
188 16 4
189 11 49
190 18 39
191 14 43
192 4 22
193 5 10
194 4 4
195 26 42
196 16 11
197 17 17
198 25 27
199 5 12
200 2 32
201 2 15
202 16 34
203 22 21
204 7 13
205 19 26
206 3 34
207 10 47
208 26 34
209 18 11
210 10 43
211 2 15
212 25 20
213 11 50
214 6 37
215 1 29
216 29 5
217 26 44
218 8 7
219 6 26
220 19 36
221 14 24
222 10 23
223 12 25
224 29 29
225 17 50
226 12 40
227 24 26
228 19 46
229 25 6
230 25 38
231 14 5
232 4 29
233 20 31
234 26 15
235 8 6
236 10 11
237 11 19
238 6 2
239 15 44
240 21 33
241 3 2
242 2 8
243 29 30
244 5 6
245 5 39
246 3 21
247 13 38
248 11 42
249 30 38
250 18 27
251 4 8
252 20 26
253 8 25
254 28 25
255 20 10
256 7 14
257 11 29
258 1 41
259 20 27
260 16 47
261 26 38
262 27 10
263 15 17
264 24 46
265 5 11
266 13 50
267 30 12
268 5 48
269 18 4
270 22 9
271 3 28
272 12 25
273 28 44
274 6 18
275 30 11
276 4 37
277 1 32
278 17 27
279 20 2
280 13 6
281 12 47
282 15 34
283 10 32
284 3 47
285 27 4
286 25 50
287 13 28
288 4 43
289 1 41
290 12 42
291 22 25
292 9 4
293 28 27
294 20 7
295 18 2
296 3 41
297 18 19
298 24 7
299 12 6
300 15 39
301 11 11
302 8 46
303 28 13
304 10 10
305 4 1
306 12 7
307 27 30
308 30 34
309 6 39
310 2 35
311 13 4
312 5 42
313 5 1
314 11 26
315 8 5
316 24 21
317 18 1
318 18 5
319 26 7
320 27 21
321 17 18
322 7 33
323 27 38
324 28 4
325 8 9
326 8 20
327 25 14
328 12 39
329 16 14
330 14 26
331 8 28
332 26 37
333 30 13
334 2 45
335 1 8
336 7 29
337 27 43
338 21 25
339 2 30
340 8 10
341 8 17
342 29 2
343 2 42
344 30 48
345 15 6
346 3 25
347 13 20
348 1 12
349 24 4
350 29 4
351 13 25
352 2 39
353 10 44
354 23 1
355 23 42
356 20 12
357 20 41
358 16 42
359 4 5
360 1 41
361 20 15
362 17 44
363 14 27
364 6 17
365 3 16
366 22 47
367 30 3
368 8 11
369 28 2
370 12 20
371 14 23
372 3 5
373 3 48
374 16 47
375 25 36
376 17 16
377 10 3
378 30 35
379 11 17
380 21 15
381 22 22
382 4 23
383 26 1
384 14 23
385 24 47
386 4 49
387 9 27
388 24 32
389 16 49
390 10 30
391 17 18
392 16 38
393 12 7
394 3 4
395 25 25
396 11 6
397 19 34
398 20 24
399 16 13
400 7 39
401 11 42
402 8 30
403 8 43
404 23 44
405 23 42
406 25 29
407 11 22
408 19 34
409 8 43
410 27 2
411 27 9
412 9 17
413 12 39
414 21 29
415 23 39
416 28 16
417 20 7
418 15 50
419 11 7
420 5 43
421 30 19
422 4 12
423 1 42
424 15 20
425 26 33
426 24 4
427 2 32
428 21 33
429 22 11
430 24 27
431 29 31
432 2 30
433 9 38
434 29 39
435 14 23
436 13 45
437 2 6
438 6 34
439 29 2
440 23 34
441 14 28
442 8 25
443 10 10
444 20 33
445 30 23
446 21 20
447 25 4
448 29 45
449 21 28
450 5 36
451 22 17
452 22 43
453 3 39
454 8 23
455 30 33
456 17 26
457 30 46
458 20 21
459 5 11
460 16 26
461 5 16
462 15 39
463 20 45
464 15 12
465 24 19
466 28 26
467 28 31
468 30 12
469 30 50
470 14 9
471 22 40
472 26 41
473 7 36
474 14 41
475 8 19
476 28 33
477 4 14
478 3 5
479 9 10
480 9 34
481 20 18
482 1 17
483 8 33
484 8 17
485 22 14
486 28 13
487 5 13
488 25 42
489 30 18
490 14 50
491 6 2
492 12 22
493 7 6
494 16 25
495 7 44
496 1 47
497 21 21
498 5 11
499 23 45
500 27 34
501 18 6
502 18 12
503 9 3
504 25 20
505 20 41
506 29 8
507 4 2
508 19 10
509 30 6
510 17 26
511 12 47
512 2 14
513 9 37
514 14 24
515 11 3
516 7 40
517 18 5
518 11 28
519 29 8
520 18 30
521 28 18
522 27 41
523 10 15
524 2 29
525 3 38
526 14 24
527 26 28
528 29 5
529 6 13
530 28 46
531 15 36
532 5 24
533 12 37
534 12 50
535 4 1
536 20 43
537 28 16
538 15 37
539 23 37
540 7 7
541 4 23
542 22 10
543 20 20
544 26 17
545 2 43
546 2 48
547 18 48
548 2 20
549 26 25
550 1 32
551 25 2
552 14 42
553 20 11
