514 2691
1 12 47
2 27 10
3 2 19
4 11 33
5 20 10
6 18 36
7 2 40
8 29 41
9 20 48
10 24 41
11 6 38
12 11 17
13 22 15
14 2 4
15 4 2
16 26 35
17 20 32
18 26 22
19 23 36
20 14 24
21 5 4
22 2 38
23 25 10
24 29 14
25 10 44
26 16 45
27 12 19
28 11 43
29 3 4
30 8 16
31 26 35
32 12 7
33 17 47
34 28 21
35 12 34
36 4 28
37 27 5
38 6 31
39 27 46
40 27 26
41 1 2
42 12 22
43 22 34
44 7 4
45 17 16
46 21 44
47 1 22
48 11 17
49 30 30
50 9 3
51 3 32
52 11 1
53 9 48
54 12 5
55 25 30
56 2 35
57 3 3
58 7 5
59 18 25
60 10 24
61 10 31
62 30 40
63 24 20
64 18 24
65 9 46
66 26 14
67 30 8
68 24 18
69 5 47
70 4 1
71 26 5
72 16 9
73 9 44
74 15 46
75 10 24
76 21 9
77 16 40
78 21 10
79 21 8
80 25 12
81 26 10
82 17 35
83 10 40
84 2 24
85 29 25
86 27 14
87 1 14
88 14 41
89 9 38
90 18 28
91 14 8
92 6 19
93 20 38
94 30 12
95 26 14
96 23 3
97 6 1
98 7 45
99 11 40
100 20 29
101 26 46
102 24 48
103 11 20
104 18 19
105 27 25
106 6 22
107 4 34
108 23 35
109 21 22
110 17 18
111 16 21
112 20 13
113 2 8
114 27 14
115 9 28
116 4 16
117 24 37
118 13 36
119 26 50
120 15 15
121 26 50
122 16 10
123 15 28
124 14 6
125 22 42
126 5 37
127 23 47
128 11 36
129 26 7
130 19 5
131 6 42
132 30 11
133 18 35
134 17 36
135 4 1
136 20 12
137 12 37
138 13 37
139 27 18
140 24 18
141 10 18
142 16 24
143 6 6
144 9 22
145 24 7
146 28 49
147 10 47
148 12 29
149 23 8
150 24 17
151 28 15
152 10 9
153 24 2
154 27 20
155 9 40
156 29 30
157 10 44
158 3 27
159 1 13
160 8 16
161 21 27
162 6 20
163 16 27
164 19 8
165 14 12
166 26 43
167 9 5
168 4 32
169 18 50
170 13 27
171 20 41
172 28 1
173 16 13
174 27 38
175 25 27
176 23 46
177 23 20
178 7 28
179 7 15
180 16 32
181 29 11
182 15 7
183 16 30
184 8 23
185 9 42
186 21 20
187 22 11
188 10 19
189 3 47
190 6 49
191 3 10
192 26 25
193 9 13
194 3 27
195 27 40
196 19 5
197 20 35
198 23 17
199 4 2
200 30 42
201 3 42
202 2 26
203 22 31
204 14 26
205 9 1
206 5 3
207 30 22
208 28 39
209 24 32
210 15 13
211 1 25
212 7 22
213 19 30
214 9 24
215 21 30
216 26 26
217 11 29
218 1 25
219 21 47
220 2 40
221 17 26
222 2 7
223 20 21
224 17 33
225 4 13
226 25 26
227 18 14
228 8 48
229 15 36
230 12 27
231 15 39
232 12 37
233 17 5
234 3 29
235 11 15
236 20 47
237 2 14
238 5 41
239 4 3
240 26 40
241 6 20
242 25 5
243 5 12
244 4 31
245 9 25
246 8 15
247 5 11
248 24 33
249 7 16
250 12 17
251 30 31
252 6 22
253 14 22
254 22 30
255 15 37
256 1 42
257 29 35
258 18 45
259 19 1
260 6 49
261 28 35
262 4 42
263 7 19
264 15 14
265 14 36
266 22 14
267 18 49
268 15 14
269 21 48
270 25 47
271 15 15
272 30 45
273 11 37
274 29 49
275 29 16
276 10 16
277 30 15
278 28 49
279 23 32
280 12 16
281 29 45
282 19 38
283 14 15
284 1 16
285 23 45
286 14 49
287 11 5
288 3 12
289 13 33
290 20 31
291 19 9
292 7 50
293 25 6
294 8 7
295 7 11
296 23 7
297 28 3
298 4 3
299 28 45
300 20 32
301 21 33
302 10 2
303 29 24
304 23 31
305 18 24
306 13 6
307 25 9
308 8 9
309 6 7
310 6 2
311 18 38
312 30 27
313 22 4
314 9 9
315 30 48
316 22 42
317 22 23
318 13 20
319 26 7
320 30 4
321 1 14
322 11 15
323 23 20
324 5 38
325 17 40
326 2 46
327 29 3
328 2 23
329 26 50
330 1 7
331 7 23
332 29 28
333 7 43
334 17 43
335 30 48
336 8 30
337 11 10
338 16 35
339 20 20
340 15 8
341 22 18
342 23 42
343 30 24
344 24 28
345 3 47
346 26 21
347 1 34
348 20 17
349 27 46
350 1 26
351 5 10
352 17 7
353 10 2
354 24 1
355 13 20
356 18 36
357 7 12
358 30 8
359 25 43
360 7 9
361 1 23
362 19 11
363 18 28
364 8 36
365 5 40
366 23 21
367 30 19
368 29 19
369 2 22
370 21 47
371 21 30
372 2 29
373 1 11
374 9 25
375 16 25
376 5 46
377 17 15
378 9 7
379 22 38
380 2 18
381 7 5
382 10 26
383 3 18
384 6 47
385 22 16
386 3 34
387 17 26
388 15 37
389 27 3
390 3 44
391 29 47
392 19 26
393 21 49
394 4 4
395 26 25
396 13 13
397 29 12
398 30 4
399 22 36
400 12 25
401 23 44
402 30 50
403 1 24
404 18 9
405 28 1
406 22 7
407 27 43
408 4 8
409 21 17
410 21 27
411 11 36
412 11 22
413 17 30
414 17 30
415 7 28
416 26 20
417 3 16
418 1 45
419 9 8
420 14 19
421 8 7
422 25 7
423 29 8
424 6 42
425 26 28
426 20 16
427 13 10
428 29 12
429 9 17
430 21 6
431 26 47
432 7 20
433 12 49
434 15 2
435 16 18
436 2 16
437 16 46
438 12 25
439 15 39
440 26 30
441 26 35
442 8 29
443 6 36
444 30 36
445 5 32
446 21 50
447 28 19
448 20 41
449 17 36
450 5 25
451 15 16
452 10 30
453 24 13
454 6 18
455 21 21
456 18 16
457 7 47
458 16 4
459 14 35
460 10 38
461 27 30
462 18 46
463 11 9
464 9 17
465 16 33
466 21 50
467 10 32
468 29 13
469 26 35
470 3 46
471 27 32
472 24 16
473 28 9
474 29 11
475 16 8
476 29 14
477 30 38
478 19 42
479 28 49
480 28 43
481 23 1
482 4 33
483 24 22
484 27 30
485 28 31
486 27 17
487 2 40
488 4 39
489 21 2
490 10 46
491 2 50
492 1 3
493 7 19
494 24 36
495 8 3
496 8 2
497 23 21
498 24 39
499 4 33
500 28 4
501 3 44
502 2 25
503 6 5
504 25 36
505 28 16
506 23 19
507 25 43
508 13 3
509 3 16
510 18 32
511 19 17
512 24 23
513 19 19
514 11 35
