509 2443
1 22 30
2 18 40
3 30 37
4 28 4
5 20 42
6 14 24
7 24 7
8 22 36
9 7 32
10 27 12
11 5 37
12 26 16
13 10 4
14 23 35
15 9 13
16 16 20
17 4 13
18 11 45
19 2 38
20 28 11
21 9 4
22 6 34
23 30 8
24 10 48
25 11 18
26 9 7
27 15 35
28 14 26
29 28 48
30 22 38
31 10 7
32 19 5
33 1 21
34 30 22
35 28 49
36 15 38
37 22 22
38 14 13
39 1 43
40 10 21
41 12 19
42 9 18
43 15 5
44 3 44
45 12 4
46 24 14
47 22 44
48 18 33
49 25 19
50 16 24
51 28 42
52 4 21
53 4 37
54 16 44
55 1 45
56 7 42
57 5 47
58 30 21
59 21 4
60 15 3
61 10 50
62 16 21
63 3 35
64 23 9
65 4 11
66 3 23
67 22 46
68 3 15
69 22 30
70 21 12
71 27 27
72 25 43
73 3 14
74 4 24
75 18 30
76 18 27
77 9 45
78 19 23
79 11 4
80 22 34
81 4 14
82 28 17
83 21 3
84 12 44
85 2 44
86 17 8
87 20 11
88 21 44
89 27 16
90 29 44
91 25 46
92 2 25
93 2 20
94 27 23
95 15 30
96 18 38
97 25 16
98 5 5
99 8 38
100 18 1
101 1 6
102 29 2
103 7 11
104 17 43
105 26 16
106 8 22
107 23 11
108 6 5
109 12 44
110 7 7
111 4 34
112 6 18
113 1 2
114 5 18
115 9 24
116 1 21
117 10 29
118 4 48
119 1 23
120 2 16
121 28 31
122 7 2
123 1 34
124 6 24
125 27 34
126 30 2
127 20 28
128 20 20
129 29 44
130 20 20
131 29 10
132 22 48
133 10 18
134 15 30
135 30 36
136 27 27
137 8 33
138 8 8
139 28 36
140 12 44
141 1 13
142 16 42
143 22 17
144 2 21
145 12 3
146 12 30
147 24 33
148 10 5
149 20 24
150 4 39
151 2 32
152 7 29
153 24 47
154 9 31
155 4 22
156 6 4
157 6 23
158 16 28
159 9 9
160 10 50
161 13 43
162 22 26
163 15 11
164 22 27
165 16 17
166 7 49
167 8 36
168 10 11
169 12 20
170 13 17
171 21 20
172 2 28
173 23 19
174 7 31
175 9 6
176 13 41
177 20 14
178 18 27
179 26 49
180 23 11
181 25 21
182 12 12
183 26 41
184 24 39
185 30 18
186 27 2
187 30 29
188 29 32
189 29 36
190 14 28
191 13 48
192 20 43
193 13 38
194 29 38
195 8 23
196 11 5
197 25 12
198 18 3
199 4 44
200 11 15
201 23 50
202 6 2
203 20 44
204 13 28
205 1 49
206 25 24
207 6 25
208 8 9
209 14 36
210 26 1
211 10 48
212 7 4
213 11 25
214 16 14
215 28 49
216 8 30
217 18 45
218 4 29
219 9 16
220 16 21
221 26 13
222 6 12
223 9 13
224 20 2
225 10 17
226 4 9
227 5 13
228 15 25
229 27 22
230 21 6
231 10 18
232 27 19
233 3 20
234 17 3
235 8 5
236 25 3
237 27 21
238 4 5
239 13 35
240 18 35
241 22 13
242 25 18
243 15 11
244 2 13
245 23 32
246 10 2
247 12 7
248 13 16
249 28 21
250 30 15
251 15 44
252 30 43
253 24 33
254 7 49
255 18 6
256 5 21
257 21 29
258 18 47
259 30 31
260 22 22
261 25 31
262 15 16
263 7 49
264 11 15
265 10 50
266 1 44
267 3 50
268 27 9
269 25 35
270 9 4
271 3 43
272 4 13
273 11 13
274 11 12
275 23 22
276 15 7
277 3 12
278 14 41
279 10 4
280 27 29
281 25 38
282 13 50
283 19 11
284 30 23
285 17 18
286 16 39
287 20 1
288 3 32
289 23 14
290 16 8
291 7 30
292 24 39
293 21 38
294 2 1
295 23 38
296 19 50
297 17 3
298 29 16
299 15 8
300 18 12
301 27 16
302 12 36
303 6 5
304 29 31
305 20 14
306 28 8
307 14 3
308 19 36
309 12 30
310 26 37
311 17 17
312 6 46
313 21 36
314 1 38
315 15 50
316 29 21
317 5 50
318 26 33
319 16 26
320 15 27
321 30 2
322 15 35
323 16 33
324 30 48
325 22 6
326 24 30
327 24 21
328 25 44
329 16 35
330 11 50
331 27 31
332 10 3
333 3 27
334 25 38
335 12 1
336 15 43
337 12 49
338 7 10
339 1 47
340 17 44
341 2 42
342 13 27
343 22 48
344 30 17
345 24 3
346 28 22
347 25 37
348 5 17
349 3 11
350 7 16
351 22 23
352 9 15
353 11 35
354 14 3
355 21 32
356 8 34
357 23 20
358 30 36
359 19 32
360 4 5
361 16 21
362 16 20
363 7 50
364 29 21
365 11 45
366 29 22
367 17 47
368 26 39
369 13 12
370 13 16
371 23 40
372 9 18
373 1 11
374 5 30
375 22 9
376 16 29
377 1 11
378 8 40
379 21 38
380 30 23
381 24 50
382 16 50
383 26 33
384 20 31
385 4 32
386 26 39
387 13 46
388 18 34
389 26 12
390 25 47
391 22 50
392 15 3
393 10 25
394 22 22
395 12 3
396 14 46
397 3 41
398 7 50
399 24 39
400 20 19
401 20 27
402 7 45
403 3 14
404 8 28
405 8 42
406 7 49
407 3 3
408 21 2
409 27 42
410 4 41
411 17 19
412 28 49
413 30 36
414 8 35
415 14 30
416 3 46
417 26 12
418 12 28
419 25 19
420 26 2
421 12 34
422 1 4
423 6 3
424 17 15
425 17 32
426 17 43
427 21 44
428 21 12
429 1 40
430 18 7
431 9 50
432 2 25
433 21 43
434 24 38
435 23 11
436 1 26
437 4 43
438 9 30
439 6 37
440 26 42
441 29 2
442 16 21
443 17 26
444 22 27
445 17 31
446 23 36
447 12 36
448 22 45
449 20 17
450 2 44
451 18 22
452 29 23
453 25 49
454 14 12
455 16 49
456 13 4
457 20 40
458 24 46
459 17 7
460 15 33
461 7 7
462 20 18
463 15 33
464 12 24
465 10 45
466 30 27
467 29 38
468 1 33
469 27 5
470 6 24
471 23 48
472 17 3
473 29 2
474 10 5
475 8 24
476 17 46
477 23 7
478 15 27
479 9 29
480 2 40
481 23 21
482 28 41
483 29 19
484 5 47
485 13 20
486 20 25
487 19 48
488 9 7
489 29 29
490 1 8
491 12 50
492 3 34
493 16 17
494 10 46
495 5 14
496 26 20
497 4 5
498 2 44
499 13 37
500 10 45
501 8 11
502 30 27
503 18 48
504 5 8
505 18 46
506 5 30
507 15 19
508 25 2
509 8 27
