665 3369
1 23 27
2 27 23
3 1 50
4 6 29
5 3 29
6 20 26
7 15 2
8 6 15
9 28 23
10 25 9
11 9 17
12 26 23
13 1 36
14 20 50
15 9 25
16 26 24
17 14 2
18 26 14
19 21 21
20 12 46
21 1 4
22 11 36
23 17 38
24 12 15
25 21 47
26 15 9
27 13 22
28 13 35
29 9 24
30 4 48
31 29 29
32 3 2
33 20 18
34 17 33
35 20 10
36 18 40
37 13 50
38 5 20
39 27 27
40 6 49
41 23 12
42 29 37
43 13 42
44 1 44
45 27 4
46 23 17
47 3 15
48 20 14
49 22 36
50 8 21
51 26 27
52 30 10
53 28 37
54 29 15
55 5 16
56 25 39
57 7 24
58 15 12
59 27 45
60 25 33
61 10 49
62 2 34
63 3 21
64 10 46
65 27 47
66 18 4
67 26 27
68 13 3
69 5 42
70 9 31
71 29 34
72 19 36
73 19 45
74 9 25
75 1 5
76 29 41
77 3 10
78 6 15
79 21 25
80 20 39
81 2 29
82 22 49
83 15 4
84 11 22
85 7 20
86 12 6
87 15 23
88 3 13
89 17 41
90 17 10
91 5 47
92 20 49
93 7 25
94 3 39
95 2 24
96 27 23
97 12 18
98 21 8
99 21 23
100 21 18
101 12 35
102 3 48
103 17 17
104 20 25
105 7 46
106 4 3
107 13 35
108 1 1
109 2 15
110 29 13
111 30 15
112 27 43
113 4 9
114 12 4
115 1 33
116 13 25
117 27 47
118 22 25
119 3 32
120 29 19
121 9 35
122 3 23
123 1 23
124 23 32
125 19 13
126 4 28
127 7 32
128 20 10
129 30 22
130 26 21
131 26 38
132 27 22
133 15 18
134 18 49
135 21 48
136 18 30
137 2 42
138 12 3
139 15 27
140 26 3
141 9 32
142 13 18
143 13 2
144 9 3
145 25 44
146 5 30
147 4 21
148 3 20
149 10 2
150 18 41
151 20 37
152 30 33
153 9 23
154 7 45
155 29 23
156 9 38
157 16 31
158 15 18
159 15 33
160 10 9
161 19 46
162 21 14
163 6 45
164 23 8
165 27 50
166 8 48
167 29 17
168 20 17
169 9 17
170 21 38
171 21 11
172 7 46
173 12 33
174 25 28
175 27 37
176 18 45
177 2 28
178 20 50
179 15 42
180 7 21
181 14 4
182 18 32
183 12 49
184 10 12
185 17 12
186 19 7
187 12 27
188 4 15
189 29 19
190 2 28
191 17 30
192 24 38
193 27 34
194 9 33
195 25 45
196 13 20
197 20 22
198 11 21
199 21 2
200 13 37
201 3 33
202 6 37
203 10 1
204 21 20
205 21 43
206 17 27
207 4 21
208 17 32
209 16 5
210 25 30
211 10 17
212 10 1
213 21 2
214 22 13
215 24 6
216 1 18
217 18 46
218 24 49
219 29 7
220 11 19
221 21 19
222 18 24
223 21 14
224 15 46
225 28 19
226 16 19
227 8 27
228 20 30
229 20 41
230 22 35
231 28 42
232 23 35
233 20 8
234 26 38
235 6 8
236 28 16
237 16 7
238 11 17
239 10 46
240 12 38
241 26 39
242 28 5
243 27 27
244 14 47
245 19 25
246 21 16
247 19 35
248 23 8
249 5 38
250 17 12
251 15 6
252 28 22
253 13 18
254 28 32
255 25 2
256 21 33
257 20 29
258 7 7
259 5 21
260 25 26
261 25 35
262 1 15
263 12 43
264 12 18
265 2 20
266 9 28
267 26 8
268 30 38
269 28 39
270 29 42
271 20 42
272 4 32
273 30 11
274 10 26
275 23 44
276 11 29
277 10 44
278 14 3
279 26 15
280 20 20
281 15 1
282 27 12
283 18 48
284 9 35
285 29 19
286 29 30
287 10 2
288 3 31
289 4 2
290 19 46
291 7 9
292 5 29
293 2 20
294 21 40
295 4 3
296 9 20
297 23 7
298 3 12
299 7 31
300 17 47
301 2 25
302 6 13
303 8 39
304 26 44
305 12 4
306 29 39
307 4 15
308 19 18
309 4 1
310 17 20
311 25 17
312 1 9
313 5 24
314 11 33
315 6 17
316 29 7
317 3 5
318 2 20
319 5 17
320 13 36
321 10 4
322 26 35
323 20 46
324 2 6
325 7 10
326 7 1
327 18 17
328 10 3
329 2 30
330 17 50
331 8 16
332 28 40
333 12 29
334 19 16
335 25 24
336 23 16
337 19 29
338 1 48
339 24 2
340 15 22
341 4 31
342 23 41
343 20 34
344 5 41
345 5 32
346 12 12
347 7 50
348 21 20
349 8 11
350 25 23
351 16 39
352 20 14
353 19 40
354 4 45
355 14 18
356 26 7
357 9 40
358 7 48
359 3 42
360 10 37
361 3 32
362 10 21
363 23 2
364 10 10
365 15 26
366 24 50
367 4 24
368 26 35
369 25 29
370 19 8
371 16 44
372 24 46
373 16 13
374 13 8
375 26 35
376 17 28
377 28 48
378 20 50
379 10 41
380 19 14
381 8 45
382 15 33
383 18 30
384 17 32
385 8 45
386 12 4
387 11 7
388 1 26
389 19 46
390 5 24
391 20 33
392 3 49
393 1 4
394 28 30
395 4 8
396 25 13
397 4 9
398 6 21
399 19 12
400 25 46
401 19 46
402 11 49
403 2 2
404 16 23
405 17 10
406 26 28
407 3 1
408 28 23
409 4 27
410 4 50
411 24 48
412 2 40
413 6 7
414 10 46
415 21 16
416 12 29
417 1 44
418 29 15
419 17 4
420 7 45
421 3 34
422 14 7
423 14 1
424 29 40
425 27 32
426 9 13
427 21 50
428 2 37
429 9 13
430 12 31
431 29 25
432 21 41
433 21 39
434 15 17
435 24 43
436 24 8
437 7 37
438 15 12
439 10 45
440 21 16
441 29 41
442 10 9
443 23 31
444 7 1
445 14 31
446 21 24
447 25 43
448 24 25
449 21 21
450 14 26
451 13 9
452 15 39
453 27 49
454 23 36
455 26 3
456 12 24
457 26 33
458 4 38
459 24 31
460 18 9
461 21 20
462 2 17
463 2 47
464 14 44
465 17 39
466 11 30
467 17 5
468 10 43
469 16 22
470 19 3
471 7 32
472 26 22
473 4 11
474 19 29
475 1 48
476 17 3
477 19 20
478 20 32
479 27 15
480 25 35
481 13 47
482 4 1
483 21 36
484 3 8
485 7 23
486 30 35
487 4 37
488 28 20
489 8 18
490 18 40
491 5 37
492 13 33
493 28 14
494 26 26
495 10 42
496 21 32
497 8 26
498 12 41
499 21 26
500 10 18
501 19 10
502 24 4
503 18 12
504 5 45
505 29 25
506 17 46
507 3 31
508 10 20
509 14 46
510 8 23
511 17 8
512 6 27
513 13 39
514 7 44
515 14 16
516 23 14
517 17 18
518 30 25
519 29 44
520 21 10
521 18 7
522 15 30
523 27 36
524 12 32
525 21 49
526 16 20
527 8 13
528 16 40
529 21 14
530 15 17
531 21 49
532 20 8
533 7 49
534 4 47
535 15 4
536 8 12
537 23 14
538 14 49
539 30 45
540 13 32
541 5 38
542 3 2
543 11 48
544 23 3
545 23 28
546 19 44
547 28 1
548 21 46
549 19 34
550 15 45
551 9 2
552 27 1
553 28 2
554 20 19
555 26 34
556 30 40
557 21 3
558 11 23
559 12 35
560 16 15
561 2 44
562 10 42
563 26 10
564 17 47
565 15 33
566 1 35
567 7 47
568 16 4
569 28 37
570 22 45
571 20 23
572 6 42
573 7 28
574 25 29
575 3 42
576 15 26
577 27 4
578 17 33
579 15 6
580 29 11
581 18 19
582 5 24
583 18 32
584 19 17
585 8 50
586 14 39
587 15 49
588 21 1
589 27 45
590 1 41
591 8 27
592 16 24
593 22 35
594 26 48
595 20 34
596 18 29
597 15 5
598 15 24
599 26 33
600 30 4
601 5 5
602 22 9
603 24 24
604 1 32
605 10 42
606 2 7
607 30 39
608 21 2
609 3 36
610 19 12
611 2 9
612 13 28
613 13 47
614 1 48
615 29 42
616 3 13
617 27 47
618 13 2
619 20 34
620 15 40
621 7 6
622 16 46
623 16 28
624 19 19
625 14 48
626 2 37
627 6 24
628 14 20
629 10 14
630 17 49
631 27 22
632 3 3
633 28 36
634 26 39
635 21 40
636 8 47
637 17 26
638 2 43
639 13 43
640 21 18
641 20 42
642 24 47
643 28 19
644 18 37
645 4 36
646 7 41
647 7 50
648 15 24
649 17 1
650 5 7
651 20 42
652 3 39
653 19 46
654 1 22
655 8 43
656 11 29
657 4 45
658 27 3
659 25 44
660 30 49
661 10 26
662 29 38
663 7 35
664 4 13
665 15 28
