590 2893
1 27 21
2 23 15
3 30 19
4 17 13
5 18 39
6 3 39
7 24 49
8 17 27
9 24 11
10 16 12
11 2 43
12 12 31
13 20 38
14 4 32
15 15 21
16 3 3
17 22 25
18 27 33
19 5 15
20 5 5
21 3 47
22 13 26
23 6 9
24 4 11
25 21 19
26 4 14
27 24 27
28 15 33
29 14 40
30 16 38
31 21 18
32 30 4
33 13 8
34 16 37
35 22 30
36 23 26
37 18 35
38 4 23
39 26 7
40 5 18
41 18 8
42 22 41
43 6 28
44 15 50
45 7 40
46 9 29
47 18 31
48 22 2
49 10 19
50 8 14
51 18 33
52 9 26
53 27 42
54 20 14
55 11 37
56 22 28
57 24 15
58 8 32
59 2 42
60 11 10
61 13 21
62 11 40
63 11 22
64 21 41
65 1 31
66 6 40
67 13 44
68 7 31
69 18 19
70 15 38
71 5 28
72 17 50
73 2 36
74 11 35
75 7 11
76 16 11
77 24 36
78 11 36
79 28 43
80 8 50
81 5 33
82 21 39
83 27 8
84 10 16
85 16 16
86 25 32
87 13 21
88 1 34
89 26 12
90 30 34
91 24 15
92 4 7
93 11 46
94 13 10
95 21 20
96 11 15
97 3 1
98 4 31
99 20 23
100 18 37
101 28 2
102 8 32
103 22 49
104 15 29
105 20 34
106 2 33
107 20 7
108 22 50
109 25 34
110 29 45
111 23 19
112 9 7
113 2 12
114 7 31
115 16 36
116 18 25
117 27 37
118 6 10
119 25 22
120 18 46
121 17 1
122 19 7
123 30 20
124 6 14
125 5 17
126 8 9
127 27 18
128 6 8
129 20 4
130 11 17
131 20 8
132 24 28
133 14 1
134 18 31
135 3 27
136 6 29
137 30 6
138 25 39
139 25 43
140 14 31
141 19 11
142 10 47
143 28 7
144 5 9
145 10 45
146 28 1
147 4 21
148 29 49
149 11 18
150 9 45
151 4 5
152 24 23
153 30 10
154 23 37
155 24 16
156 29 14
157 18 8
158 11 8
159 14 15
160 16 26
161 21 43
162 6 14
163 25 6
164 24 38
165 3 43
166 2 17
167 9 5
168 1 10
169 27 6
170 8 20
171 13 17
172 16 1
173 14 46
174 8 40
175 2 25
176 5 22
177 20 40
178 7 36
179 6 50
180 3 18
181 24 5
182 6 42
183 21 29
184 24 27
185 6 1
186 29 8
187 7 34
188 10 43
189 1 19
190 2 42
191 24 46
192 15 15
193 7 3
194 10 34
195 12 23
196 12 46
197 9 39
198 29 39
199 29 42
200 8 4
201 15 16
202 14 13
203 11 23
204 25 31
205 24 38
206 4 37
207 15 38
208 13 22
209 30 4
210 17 43
211 18 8
212 30 6
213 29 31
214 25 19
215 4 12
216 23 18
217 29 38
218 1 29
219 12 37
220 11 5
221 27 34
222 13 11
223 23 45
224 24 14
225 9 41
226 8 26
227 30 48
228 14 50
229 20 28
230 9 3
231 1 43
232 11 19
233 20 3
234 29 43
235 11 9
236 28 19
237 14 40
238 10 16
239 27 15
240 11 35
241 27 38
242 22 7
243 17 45
244 8 16
245 4 26
246 29 14
247 30 41
248 24 1
249 25 32
250 4 37
251 30 41
252 26 35
253 2 37
254 10 18
255 21 32
256 24 10
257 30 18
258 6 6
259 12 25
260 22 38
261 13 42
262 3 22
263 12 37
264 23 28
265 10 18
266 24 12
267 10 21
268 6 41
269 7 46
270 1 10
271 19 14
272 29 48
273 1 36
274 26 45
275 30 27
276 4 12
277 20 36
278 16 3
279 2 8
280 20 44
281 17 45
282 5 36
283 16 50
284 6 22
285 17 38
286 11 26
287 22 1
288 23 34
289 26 28
290 10 46
291 26 13
292 29 27
293 19 44
294 29 22
295 13 10
296 15 29
297 15 19
298 16 20
299 21 44
300 21 17
301 11 24
302 12 32
303 24 17
304 8 10
305 6 47
306 7 4
307 30 17
308 30 10
309 3 9
310 21 15
311 30 48
312 6 24
313 8 11
314 13 38
315 26 36
316 5 37
317 11 48
318 30 34
319 4 37
320 15 12
321 24 3
322 25 43
323 2 44
324 2 34
325 14 34
326 10 24
327 11 45
328 19 1
329 28 42
330 8 15
331 19 44
332 21 39
333 12 21
334 2 7
335 19 19
336 8 42
337 21 32
338 26 42
339 18 39
340 17 33
341 3 27
342 28 5
343 3 7
344 7 32
345 18 45
346 7 26
347 10 47
348 4 31
349 9 37
350 20 28
351 5 9
352 1 28
353 13 7
354 1 20
355 7 48
356 14 21
357 14 12
358 28 48
359 28 34
360 30 17
361 18 26
362 4 20
363 24 9
364 10 43
365 17 41
366 22 4
367 10 42
368 1 42
369 10 3
370 13 47
371 10 16
372 17 25
373 29 44
374 23 48
375 18 4
376 16 7
377 19 9
378 16 2
379 9 28
380 6 18
381 30 17
382 1 19
383 11 3
384 22 12
385 15 24
386 28 7
387 22 27
388 23 20
389 12 7
390 8 1
391 20 35
392 18 38
393 26 35
394 12 14
395 4 39
396 21 34
397 6 3
398 4 18
399 5 16
400 19 12
401 29 39
402 28 30
403 15 50
404 2 38
405 27 21
406 9 18
407 15 48
408 8 50
409 12 49
410 6 48
411 27 48
412 3 44
413 1 36
414 23 7
415 23 44
416 8 42
417 12 35
418 3 48
419 17 26
420 5 45
421 26 23
422 12 3
423 30 19
424 12 4
425 29 19
426 11 6
427 27 33
428 11 19
429 10 16
430 15 23
431 29 43
432 16 40
433 27 40
434 27 15
435 6 23
436 9 13
437 6 21
438 25 17
439 1 19
440 30 10
441 29 20
442 17 5
443 14 17
444 13 26
445 22 48
446 10 42
447 12 15
448 21 20
449 26 19
450 5 23
451 2 43
452 16 39
453 25 2
454 25 6
455 22 25
456 25 11
457 26 31
458 7 2
459 29 40
460 17 33
461 9 26
462 24 32
463 12 7
464 11 47
465 15 35
466 30 18
467 20 7
468 28 46
469 30 13
470 1 32
471 9 17
472 4 34
473 19 10
474 27 50
475 21 15
476 14 39
477 22 7
478 10 33
479 5 23
480 2 42
481 19 3
482 19 38
483 29 19
484 6 18
485 1 38
486 11 21
487 15 44
488 26 5
489 16 43
490 4 6
491 27 37
492 27 49
493 16 18
494 13 10
495 10 16
496 1 49
497 28 12
498 28 28
499 20 23
500 16 12
501 1 48
502 12 17
503 24 37
504 23 49
505 21 27
506 6 38
507 5 2
508 28 12
509 30 22
510 24 9
511 8 26
512 29 5
513 19 47
514 23 18
515 21 30
516 11 31
517 9 14
518 19 22
519 13 22
520 2 33
521 30 28
522 12 16
523 9 9
524 30 50
525 3 3
526 1 20
527 8 19
528 6 17
529 17 10
530 26 38
531 11 19
532 20 20
533 12 21
534 13 34
535 4 15
536 19 43
537 14 40
538 20 24
539 1 39
540 14 33
541 11 36
542 4 21
543 26 31
544 7 23
545 21 24
546 12 31
547 22 33
548 12 26
549 23 45
550 19 46
551 1 29
552 20 6
553 29 50
554 19 19
555 28 4
556 23 31
557 29 8
558 11 45
559 18 37
560 29 28
561 2 30
562 1 4
563 24 12
564 19 19
565 28 39
566 26 20
567 28 6
568 25 38
569 17 4
570 8 44
571 7 12
572 14 48
573 9 26
574 22 6
575 24 12
576 4 26
577 21 46
578 11 4
579 29 11
580 22 17
581 11 38
582 16 18
583 25 11
584 17 1
585 16 16
586 16 24
587 7 22
588 11 45
589 7 14
590 11 11
