531 2717
1 20 42
2 26 19
3 14 12
4 21 16
5 6 1
6 22 3
7 3 32
8 20 38
9 12 29
10 27 49
11 18 21
12 23 32
13 16 12
14 22 35
15 6 7
16 1 46
17 20 38
18 6 26
19 22 9
20 1 29
21 9 4
22 11 3
23 17 43
24 10 39
25 23 46
26 19 20
27 9 41
28 14 26
29 14 47
30 21 21
31 25 13
32 6 5
33 22 34
34 2 5
35 14 24
36 24 2
37 8 16
38 16 14
39 18 46
40 14 33
41 23 42
42 12 13
43 4 7
44 9 37
45 5 1
46 28 10
47 25 25
48 6 16
49 20 47
50 21 3
51 30 6
52 24 49
53 1 10
54 15 31
55 27 18
56 13 1
57 22 16
58 4 45
59 3 2
60 12 27
61 2 41
62 28 16
63 25 3
64 3 27
65 9 5
66 9 21
67 20 35
68 29 31
69 26 35
70 23 4
71 3 25
72 24 14
73 20 17
74 10 12
75 30 43
76 21 21
77 13 28
78 18 50
79 13 21
80 6 31
81 27 6
82 13 37
83 30 24
84 29 37
85 8 31
86 30 10
87 17 44
88 25 46
89 12 35
90 20 32
91 17 2
92 4 12
93 19 42
94 13 11
95 4 40
96 14 40
97 15 48
98 16 37
99 21 46
100 15 29
101 18 15
102 30 34
103 30 15
104 2 23
105 21 41
106 14 29
107 22 8
108 12 22
109 1 4
110 25 14
111 3 28
112 3 40
113 25 31
114 16 46
115 8 50
116 6 6
117 6 15
118 21 27
119 21 22
120 30 31
121 12 5
122 2 5
123 14 3
124 27 14
125 7 11
126 17 1
127 20 32
128 10 16
129 22 17
130 13 39
131 9 38
132 16 34
133 23 37
134 11 33
135 20 12
136 16 24
137 6 27
138 18 30
139 29 4
140 3 37
141 26 22
142 20 5
143 23 29
144 21 16
145 8 33
146 26 16
147 13 2
148 21 27
149 10 11
150 1 1
151 24 26
152 14 40
153 24 2
154 11 35
155 15 15
156 11 21
157 16 12
158 17 38
159 21 47
160 5 40
161 2 11
162 5 6
163 4 5
164 2 3
165 18 42
166 3 41
167 10 27
168 2 23
169 10 2
170 17 36
171 17 30
172 26 4
173 11 35
174 24 33
175 3 48
176 12 16
177 28 28
178 1 21
179 3 4
180 5 2
181 26 30
182 22 17
183 8 26
184 29 37
185 19 48
186 2 45
187 27 30
188 29 17
189 24 44
190 22 46
191 11 25
192 22 49
193 3 34
194 1 35
195 8 46
196 8 35
197 5 31
198 21 34
199 6 39
200 20 35
201 26 43
202 21 14
203 2 31
204 13 37
205 24 34
206 13 15
207 28 46
208 5 12
209 9 35
210 26 16
211 2 35
212 10 8
213 16 2
214 1 21
215 3 10
216 7 30
217 3 38
218 4 26
219 8 26
220 13 44
221 11 47
222 28 20
223 12 24
224 22 22
225 20 29
226 28 42
227 4 39
228 19 29
229 21 42
230 1 33
231 1 8
232 12 5
233 5 7
234 13 14
235 14 45
236 27 44
237 3 16
238 16 34
239 9 47
240 17 49
241 15 44
242 20 40
243 5 40
244 20 27
245 11 21
246 1 34
247 28 24
248 20 24
249 11 24
250 27 14
251 10 46
252 10 12
253 1 25
254 25 50
255 23 4
256 30 47
257 9 41
258 9 33
259 2 8
260 21 15
261 18 21
262 30 7
263 17 39
264 30 27
265 5 19
266 12 34
267 4 3
268 26 24
269 7 42
270 5 49
271 15 26
272 28 44
273 6 38
274 28 48
275 25 39
276 12 25
277 1 13
278 11 7
279 21 13
280 5 15
281 21 29
282 1 46
283 21 46
284 11 10
285 7 48
286 10 32
287 3 9
288 7 41
289 26 4
290 30 43
291 22 3
292 9 5
293 5 1
294 23 15
295 13 48
296 12 45
297 28 32
298 2 8
299 29 13
300 29 15
301 20 29
302 18 34
303 7 24
304 14 35
305 20 13
306 29 23
307 15 47
308 17 29
309 17 40
310 6 10
311 29 29
312 16 16
313 12 48
314 5 42
315 30 44
316 6 21
317 4 6
318 24 10
319 1 30
320 26 10
321 4 24
322 23 11
323 30 11
324 21 19
325 2 38
326 8 40
327 26 35
328 17 29
329 2 32
330 30 43
331 25 28
332 25 48
333 5 21
334 29 15
335 10 7
336 17 43
337 2 11
338 15 4
339 1 46
340 2 23
341 23 1
342 24 1
343 15 21
344 9 19
345 2 1
346 1 28
347 20 28
348 7 14
349 28 37
350 28 47
351 13 4
352 11 27
353 14 46
354 30 37
355 1 1
356 1 25
357 1 24
358 25 37
359 26 6
360 15 49
361 26 18
362 6 37
363 25 4
364 30 42
365 23 29
366 20 35
367 3 32
368 3 48
369 9 42
370 6 19
371 2 46
372 16 44
373 30 20
374 1 15
375 5 37
376 6 32
377 14 43
378 28 50
379 7 19
380 21 39
381 8 32
382 25 32
383 24 38
384 9 42
385 21 15
386 3 23
387 12 8
388 8 31
389 27 50
390 28 4
391 7 13
392 15 42
393 27 5
394 12 3
395 23 34
396 23 20
397 26 20
398 1 31
399 29 32
400 12 39
401 8 36
402 3 9
403 23 33
404 22 22
405 2 41
406 5 20
407 13 11
408 12 11
409 7 5
410 26 40
411 8 8
412 21 5
413 19 12
414 27 39
415 15 9
416 28 44
417 6 42
418 2 39
419 24 43
420 2 6
421 3 38
422 25 37
423 8 38
424 8 15
425 12 13
426 6 32
427 12 16
428 28 3
429 9 25
430 1 25
431 25 20
432 28 30
433 12 20
434 20 35
435 14 31
436 22 49
437 10 19
438 15 20
439 6 34
440 16 48
441 8 41
442 21 22
443 16 18
444 26 37
445 4 16
446 1 28
447 16 29
448 20 49
449 20 29
450 15 13
451 22 29
452 3 33
453 7 50
454 2 2
455 23 37
456 21 33
457 7 33
458 26 35
459 21 31
460 23 44
461 16 33
462 14 33
463 13 33
464 3 12
465 3 18
466 27 26
467 16 39
468 9 44
469 30 10
470 25 23
471 27 48
472 7 25
473 10 12
474 9 30
475 14 33
476 16 41
477 16 1
478 14 30
479 23 8
480 14 47
481 25 22
482 3 22
483 22 31
484 15 2
485 20 12
486 6 38
487 9 32
488 3 40
489 5 23
490 2 38
491 26 47
492 8 23
493 29 3
494 14 31
495 21 47
496 7 37
497 28 1
498 1 30
499 11 27
500 11 23
501 8 6
502 22 48
503 19 26
504 18 33
505 11 9
506 2 8
507 27 1
508 30 5
509 6 33
510 7 18
511 2 15
512 24 49
513 6 16
514 10 48
515 23 10
516 22 32
517 27 36
518 22 5
519 21 21
520 29 11
521 11 12
522 28 37
523 23 49
524 23 20
525 24 29
526 7 15
527 25 42
528 15 12
529 8 45
530 22 2
531 6 33
