580 3222
1 17 28
2 14 22
3 19 8
4 30 36
5 13 41
6 22 2
7 29 18
8 27 42
9 24 49
10 29 2
11 6 19
12 14 15
13 29 19
14 29 8
15 18 3
16 26 44
17 10 49
18 27 50
19 7 49
20 17 41
21 29 18
22 24 19
23 17 43
24 21 33
25 21 21
26 4 48
27 29 17
28 24 39
29 7 45
30 26 34
31 17 31
32 19 29
33 21 46
34 8 39
35 4 15
36 30 34
37 24 25
38 13 23
39 27 15
40 5 9
41 5 40
42 26 25
43 8 22
44 13 45
45 26 8
46 30 14
47 20 9
48 22 22
49 26 20
50 21 1
51 16 42
52 6 19
53 26 38
54 11 35
55 4 47
56 23 40
57 6 1
58 24 44
59 22 26
60 20 37
61 5 19
62 12 26
63 29 44
64 18 34
65 25 10
66 6 50
67 11 22
68 18 18
69 21 11
70 12 15
71 27 45
72 24 43
73 15 20
74 16 18
75 7 27
76 6 32
77 15 7
78 27 24
79 20 6
80 29 14
81 5 47
82 23 17
83 8 33
84 5 28
85 23 38
86 22 1
87 4 48
88 5 30
89 17 32
90 7 15
91 8 2
92 26 3
93 21 5
94 28 12
95 20 38
96 16 27
97 14 40
98 23 1
99 24 29
100 19 18
101 27 22
102 19 2
103 1 13
104 2 39
105 5 30
106 24 2
107 4 49
108 26 44
109 25 35
110 25 17
111 3 32
112 23 6
113 24 37
114 29 47
115 26 37
116 17 34
117 10 35
118 5 31
119 19 18
120 11 45
121 28 24
122 19 33
123 15 4
124 16 29
125 29 32
126 15 13
127 26 39
128 8 39
129 6 26
130 27 43
131 14 3
132 6 26
133 17 12
134 18 38
135 30 28
136 12 29
137 2 32
138 11 26
139 28 38
140 16 26
141 19 3
142 10 34
143 21 7
144 24 18
145 15 11
146 2 50
147 3 37
148 5 2
149 1 34
150 9 32
151 12 22
152 2 15
153 4 22
154 20 43
155 21 47
156 18 29
157 19 9
158 15 40
159 27 40
160 19 1
161 20 21
162 23 15
163 19 29
164 26 11
165 3 6
166 2 26
167 29 3
168 10 34
169 6 31
170 16 36
171 17 45
172 27 26
173 13 33
174 7 20
175 2 25
176 12 24
177 7 26
178 28 8
179 15 5
180 28 19
181 10 10
182 14 40
183 24 33
184 16 42
185 5 1
186 17 41
187 18 45
188 18 50
189 7 34
190 1 1
191 11 45
192 14 9
193 30 13
194 26 24
195 17 34
196 14 28
197 15 37
198 17 8
199 11 42
200 29 37
201 25 28
202 28 42
203 12 45
204 3 1
205 1 16
206 3 43
207 22 26
208 11 31
209 18 17
210 27 4
211 22 50
212 13 46
213 29 49
214 5 11
215 23 6
216 8 39
217 3 25
218 12 6
219 11 26
220 8 3
221 1 10
222 5 2
223 17 46
224 5 24
225 22 41
226 29 13
227 2 11
228 10 30
229 2 14
230 1 6
231 1 40
232 24 3
233 4 27
234 1 36
235 2 18
236 9 43
237 10 33
238 16 16
239 20 30
240 22 41
241 12 20
242 15 14
243 23 16
244 5 46
245 30 37
246 1 2
247 26 46
248 25 41
249 12 17
250 27 23
251 16 17
252 7 15
253 1 15
254 13 31
255 26 24
256 23 18
257 23 28
258 21 27
259 15 27
260 14 26
261 14 26
262 28 39
263 21 34
264 30 44
265 30 8
266 29 35
267 6 37
268 2 26
269 11 34
270 26 47
271 17 29
272 6 1
273 18 48
274 30 2
275 4 3
276 30 37
277 19 7
278 18 1
279 10 9
280 17 41
281 18 17
282 15 43
283 3 28
284 20 6
285 13 26
286 4 21
287 26 21
288 22 15
289 18 3
290 28 41
291 17 47
292 30 37
293 23 7
294 28 44
295 17 36
296 24 34
297 12 11
298 18 6
299 30 47
300 3 3
301 14 18
302 3 31
303 28 46
304 5 5
305 28 15
306 28 7
307 21 27
308 3 16
309 5 32
310 21 1
311 27 45
312 16 20
313 7 13
314 28 46
315 9 40
316 18 35
317 20 21
318 15 47
319 28 12
320 24 18
321 6 1
322 24 38
323 9 16
324 23 13
325 18 16
326 3 16
327 20 50
328 6 16
329 12 13
330 1 22
331 24 11
332 18 15
333 23 23
334 14 50
335 14 17
336 7 9
337 19 42
338 28 47
339 18 1
340 9 7
341 18 23
342 2 27
343 12 9
344 24 35
345 1 6
346 18 27
347 18 16
348 13 50
349 8 6
350 22 23
351 2 18
352 23 42
353 20 30
354 8 19
355 2 48
356 17 49
357 2 48
358 17 45
359 17 22
360 19 29
361 10 39
362 17 47
363 4 50
364 29 43
365 25 50
366 15 29
367 17 49
368 22 28
369 18 12
370 18 12
371 29 24
372 30 33
373 14 39
374 27 30
375 10 8
376 30 39
377 6 17
378 8 49
379 8 36
380 3 24
381 25 9
382 4 3
383 7 26
384 23 36
385 17 30
386 27 47
387 6 9
388 29 29
389 27 6
390 10 6
391 3 19
392 17 10
393 17 36
394 30 6
395 21 2
396 10 5
397 10 35
398 9 18
399 30 41
400 23 48
401 3 2
402 7 28
403 30 25
404 26 6
405 22 15
406 23 46
407 5 11
408 15 24
409 16 14
410 29 16
411 15 8
412 12 26
413 5 31
414 23 4
415 13 48
416 4 45
417 19 50
418 22 10
419 6 29
420 5 8
421 5 29
422 13 32
423 20 8
424 15 35
425 3 33
426 3 40
427 13 26
428 25 37
429 26 10
430 12 31
431 9 45
432 15 9
433 16 49
434 28 22
435 29 32
436 11 26
437 20 33
438 27 1
439 12 11
440 6 15
441 23 40
442 16 37
443 5 22
444 13 23
445 3 17
446 23 41
447 23 29
448 29 9
449 19 16
450 22 8
451 19 12
452 5 11
453 16 41
454 23 38
455 11 50
456 4 45
457 19 9
458 22 4
459 20 6
460 8 13
461 12 30
462 25 37
463 20 6
464 5 39
465 3 28
466 18 22
467 19 32
468 14 36
469 14 46
470 23 24
471 26 28
472 10 36
473 28 3
474 21 20
475 11 18
476 2 34
477 19 38
478 10 11
479 3 16
480 1 16
481 23 48
482 19 33
483 1 24
484 29 6
485 21 43
486 21 18
487 1 50
488 14 8
489 15 44
490 7 15
491 24 10
492 8 12
493 10 18
494 12 42
495 23 22
496 9 28
497 21 49
498 10 3
499 12 28
500 18 43
501 13 38
502 2 43
503 30 15
504 2 44
505 11 31
506 8 26
507 22 7
508 29 41
509 24 13
510 5 9
511 6 43
512 16 7
513 2 45
514 1 15
515 25 21
516 7 47
517 10 19
518 11 49
519 15 44
520 14 47
521 26 3
522 4 18
523 20 13
524 18 35
525 5 44
526 5 10
527 27 30
528 28 30
529 7 31
530 24 3
531 1 3
532 21 12
533 23 41
534 3 9
535 26 6
536 16 12
537 21 31
538 9 22
539 13 38
540 6 19
541 2 1
542 19 20
543 22 48
544 1 8
545 28 44
546 12 30
547 16 12
548 22 18
549 24 4
550 29 40
551 9 34
552 11 21
553 16 31
554 22 9
555 28 50
556 7 1
557 22 7
558 2 33
559 25 22
560 3 34
561 26 4
562 4 13
563 8 5
564 3 21
565 18 11
566 20 18
567 6 10
568 1 11
569 2 32
570 19 12
571 11 48
572 12 32
573 4 36
574 7 10
575 7 11
576 4 24
577 14 9
578 19 33
579 15 21
580 14 24
